0 0.883591 0.648634 0.014026 0.117324
4 0.603448 0.502875 0.016167 0.036398
4 0.671336 0.308426 0.126078 0.111111
4 0.292565 0.474139 0.034484 0.120685
5 0.461208 0.465519 0.009698 0.034481
5 0.570581 0.469352 0.010776 0.042148
2 0.585919 0.612343 0.021568 0.040815
2 0.578232 0.621981 0.024651 0.056778
2 0.575693 0.608389 0.046302 0.049167
2 0.579000 0.577389 0.034875 0.019241
2 0.485802 0.609991 0.088990 0.035278
2 0.495122 0.593426 0.046297 0.027796
2 0.492417 0.572046 0.031271 0.012833
2 0.514073 0.578981 0.012062 0.028889
0 0.844357 0.645861 0.007276 0.100704
2 0.909214 0.854407 0.181573 0.283519
0 0.869612 0.648519 0.011849 0.115370
2 0.611313 0.637699 0.045917 0.089046
2 0.472526 0.821838 0.374990 0.356324
