5 0.389867 0.498856 0.006557 0.027657
2 0.441260 0.577417 0.012198 0.019870
2 0.360966 0.583741 0.026401 0.025296
2 0.394005 0.593676 0.025406 0.045167
2 0.217682 0.637037 0.069104 0.095759
2 0.510875 0.606324 0.009146 0.063241
2 0.595224 0.598194 0.061990 0.108407
2 0.733943 0.637042 0.038615 0.037954
2 0.693294 0.572898 0.111786 0.097556
2 0.713109 0.565671 0.076219 0.046972
2 0.700914 0.607227 0.098578 0.090343
2 0.711583 0.609935 0.083333 0.106593
2 0.716977 0.649324 0.071516 0.083981
2 0.719930 0.602083 0.061672 0.059481
