1 0.030776 0.568731 0.061094 0.073148
0 0.074844 0.665366 0.033531 0.077824
0 0.106974 0.660398 0.019562 0.094370
0 0.556344 0.609898 0.018625 0.086093
2 0.216427 0.675125 0.077302 0.106398
2 0.029661 0.664042 0.059323 0.075361
2 0.346716 0.672907 0.103484 0.137426
2 0.779979 0.793708 0.438875 0.410065
5 0.495711 0.185273 0.034911 0.146306
2 0.276896 0.639662 0.048625 0.097528
2 0.374885 0.603093 0.023667 0.035444
2 0.429130 0.589787 0.024937 0.031037
0 0.950294 0.601977 0.022443 0.055417
0 0.652737 0.603273 0.021422 0.046361
2 0.061562 0.644093 0.121667 0.079796
