0 0.322062 0.627926 0.010219 0.057722
0 0.672294 0.634755 0.021422 0.129194
0 0.004589 0.672819 0.009021 0.100472
2 0.094479 0.653579 0.117854 0.064139
2 0.214133 0.622046 0.060130 0.035278
2 0.127247 0.645560 0.129276 0.082306
5 0.508362 0.282657 0.027234 0.112241
1 0.082453 0.602806 0.103417 0.112241
5 0.092786 0.305639 0.024635 0.111167
2 0.417206 0.612269 0.018089 0.033796
2 0.280875 0.617236 0.037281 0.027787
2 0.249307 0.615093 0.031865 0.038481
4 0.050284 0.545079 0.013828 0.028861
0 0.726313 0.662884 0.017698 0.132454
0 0.060505 0.665333 0.015031 0.096204
