2 0.368279 0.589000 0.025599 0.019963
1 0.677990 0.573829 0.142135 0.146287
1 0.810154 0.563852 0.119693 0.170667
2 0.059578 0.638106 0.097250 0.088657
2 0.320159 0.602644 0.062339 0.053194
2 0.463542 0.601532 0.034906 0.055417
2 0.426138 0.604861 0.029922 0.066500
2 0.418034 0.612509 0.031172 0.064056
2 0.421951 0.623736 0.011682 0.060676
2 0.401964 0.627329 0.042667 0.083843
2 0.389615 0.647292 0.034135 0.093417
2 0.578865 0.584954 0.055917 0.095130
2 0.344971 0.661384 0.081172 0.128269
2 0.257169 0.708755 0.117568 0.147176
4 0.508313 0.528801 0.016000 0.029676
4 0.582065 0.401421 0.088370 0.113769
5 0.347604 0.476250 0.009062 0.033426
1 0.385872 0.566523 0.036870 0.030917
