2 0.469578 0.595560 0.065531 0.079398
2 0.492641 0.589042 0.042833 0.071602
2 0.507276 0.576685 0.024510 0.057278
2 0.580503 0.586449 0.053089 0.078102
2 0.405510 0.533407 0.053083 0.039704
2 0.342727 0.525593 0.023432 0.039704
2 0.299711 0.531125 0.021599 0.032546
2 0.261823 0.540236 0.055646 0.039046
2 0.267310 0.555208 0.043932 0.052065
2 0.378237 0.526245 0.019766 0.030583
2 0.138156 0.583204 0.071146 0.049963
0 0.983943 0.666824 0.029469 0.211426
0 0.722685 0.566806 0.017568 0.076519
0 0.859453 0.654199 0.050813 0.171639
2 0.571901 0.546421 0.030021 0.012361
0 0.899594 0.587356 0.029469 0.149954
0 0.928557 0.593681 0.032521 0.133694
2 0.504906 0.568227 0.033729 0.050769
2 0.497943 0.538667 0.034427 0.018222
0 0.684482 0.569153 0.018443 0.056213
3 0.685977 0.598370 0.020328 0.045167
5 0.815042 0.045801 0.048781 0.091602
4 0.794716 0.446704 0.036589 0.059796
4 0.612297 0.341009 0.078250 0.086537
4 0.686492 0.170287 0.161599 0.164241
1 0.051333 0.600273 0.100583 0.167843
0 0.145326 0.791509 0.103661 0.416981
2 0.552133 0.581565 0.026359 0.057926
2 0.553411 0.553255 0.017938 0.028639
2 0.559263 0.548060 0.044286 0.036472
2 0.548654 0.543495 0.031120 0.042954
5 0.258169 0.433181 0.018214 0.032287
