2 0.237607 0.687741 0.114224 0.176241
2 0.112060 0.746157 0.223078 0.335278
2 0.064646 0.842917 0.128250 0.302685
0 0.507005 0.579500 0.021552 0.093870
2 0.397091 0.553644 0.036641 0.022991
2 0.740302 0.606324 0.285562 0.231796
2 0.364763 0.588125 0.028016 0.122602
2 0.361531 0.625481 0.023708 0.128352
0 0.461208 0.613981 0.026938 0.128352
4 0.520471 0.435824 0.031255 0.055556
5 0.239224 0.386019 0.011854 0.059389
5 0.470367 0.367815 0.015089 0.065130
1 0.454203 0.536398 0.045260 0.118778
2 0.134159 0.576630 0.088359 0.030648
