2 0.192005 0.615097 0.123260 0.078028
2 0.275583 0.594787 0.058323 0.031000
2 0.413875 0.587838 0.039083 0.027787
2 0.377503 0.614569 0.050516 0.076972
2 0.164047 0.625787 0.117854 0.063074
1 0.148115 0.576616 0.099208 0.107954
4 0.125565 0.519431 0.009620 0.025657
5 0.165549 0.291208 0.024651 0.105824
5 0.561190 0.271972 0.027057 0.103685
3 0.837240 0.657329 0.097500 0.092750
0 0.840237 0.628898 0.029109 0.112407
0 0.534872 0.608931 0.025255 0.059176
2 0.335492 0.586245 0.041922 0.028917
3 0.536042 0.643111 0.014167 0.041000
