4 0.521581 0.514662 0.019411 0.034565
1 0.396589 0.613093 0.048490 0.091963
0 0.476328 0.591060 0.009698 0.047898
0 0.509740 0.592037 0.009688 0.045926
2 0.435510 0.589282 0.017667 0.029565
2 0.130424 0.820944 0.251078 0.300759
0 0.453911 0.635481 0.029094 0.080463
2 0.642815 0.602917 0.133620 0.098426
5 0.325620 0.462407 0.011552 0.044815
3 0.454505 0.669491 0.015260 0.050463
2 0.428753 0.617000 0.015589 0.057278
2 0.397552 0.630833 0.043646 0.085000
2 0.365352 0.636398 0.062359 0.096074
2 0.355740 0.652185 0.067042 0.123963
2 0.329237 0.672477 0.092672 0.137935
2 0.279669 0.712708 0.086203 0.168583
2 0.196156 0.733778 0.154094 0.218389
1 0.921909 0.533588 0.155172 0.319917
