4 0.597563 0.486542 0.014229 0.027102
0 0.320122 0.556819 0.012193 0.027102
2 0.857216 0.797287 0.281505 0.402889
3 0.276930 0.586722 0.015245 0.050407
2 0.383638 0.583106 0.070120 0.122676
2 0.430388 0.558718 0.035568 0.059806
2 0.446138 0.538935 0.030484 0.052389
3 0.318599 0.585819 0.011177 0.044991
0 0.277943 0.569556 0.023385 0.074259
5 0.374547 0.360884 0.011073 0.057639
4 0.651932 0.454875 0.027438 0.050676
4 0.595964 0.439685 0.019115 0.030481
5 0.562115 0.360093 0.012198 0.059444
4 0.842466 0.191870 0.062984 0.186093
