2 0.116919 0.606324 0.092672 0.055556
5 0.248922 0.400384 0.014010 0.057472
5 0.464979 0.379310 0.012927 0.057472
0 0.063039 0.624523 0.028016 0.088120
0 0.696659 0.671458 0.030172 0.289269
2 0.392781 0.555556 0.019396 0.038315
2 0.434805 0.565134 0.028016 0.042139
2 0.461745 0.561306 0.019396 0.042148
2 0.596982 0.560343 0.046339 0.051722
2 0.568911 0.567912 0.001187 0.002102
2 0.594828 0.587162 0.052802 0.040231
2 0.654094 0.605366 0.182115 0.206898
2 0.206896 0.696361 0.156250 0.227963
4 0.504852 0.445398 0.030172 0.055556
