5 0.465570 0.211759 0.033443 0.143704
4 0.567922 0.253282 0.031250 0.027509
2 0.275372 0.793167 0.245714 0.283519
2 0.806073 0.779755 0.386854 0.386972
2 0.128268 0.807532 0.255391 0.254787
2 0.331393 0.640870 0.045255 0.036407
2 0.441307 0.626500 0.019396 0.034481
1 0.664367 0.582440 0.049568 0.091954
1 0.294753 0.624583 0.043099 0.045981
1 0.204779 0.622671 0.106682 0.095787
0 0.732797 0.658111 0.031250 0.143685
0 0.576544 0.645657 0.022630 0.072796
0 0.872883 0.711750 0.042026 0.063222
0 0.098635 0.658106 0.019396 0.036398
5 0.893893 0.442593 0.025859 0.088130
