0 0.732216 0.598463 0.013214 0.088352
4 0.773883 0.408671 0.037599 0.099361
4 0.773375 0.534329 0.020323 0.057991
5 0.386688 0.298796 0.023375 0.095185
5 0.685977 0.312218 0.024391 0.097602
0 0.352135 0.620787 0.021344 0.094352
0 0.389229 0.616019 0.030490 0.086111
0 0.947156 0.688801 0.065042 0.196750
0 0.786081 0.619241 0.017266 0.097741
0 0.748984 0.608403 0.016260 0.097380
2 0.453615 0.586500 0.033687 0.057185
2 0.487320 0.598861 0.044109 0.054889
2 0.524320 0.604088 0.024995 0.060120
2 0.546375 0.591889 0.034792 0.033981
2 0.510844 0.581440 0.019604 0.027009
2 0.579948 0.636764 0.117625 0.118491
